0 0.559055 0.866324 0.097648 0.267351
0 0.669071 0.869626 0.119009 0.260748
0 0.781194 0.875334 0.093257 0.249332
0 0.867923 0.857299 0.064210 0.285403
0 0.458312 0.864367 0.096009 0.271266
0 0.368309 0.865294 0.102390 0.252753
0 0.263588 0.863253 0.091427 0.267224
0 0.166131 0.869721 0.084283 0.260557
0 0.684190 0.563383 0.099955 0.285148
0 0.778255 0.573829 0.104450 0.297193
0 0.864884 0.573308 0.091546 0.315436
0 0.914337 0.163470 0.130322 0.302563
0 0.795320 0.174206 0.117052 0.267439
0 0.683892 0.198324 0.106089 0.253190
0 0.586518 0.167631 0.116233 0.247287