0 0.291615 0.233838 0.188618 0.101773
0 0.333103 0.145384 0.202511 0.077387
0 0.504067 0.113641 0.184601 0.079630
0 0.662130 0.153626 0.186151 0.081236
0 0.782921 0.218815 0.161465 0.087802
0 0.525854 0.174348 0.196037 0.074185
0 0.406703 0.220037 0.190742 0.083546
0 0.623178 0.229747 0.141330 0.086661
0 0.495369 0.283877 0.230791 0.061369
0 0.360573 0.300961 0.149686 0.087141
0 0.672041 0.299219 0.210726 0.077837
0 0.527751 0.351922 0.176134 0.067648
0 0.503015 0.753652 0.158374 0.106892
0 0.368758 0.890007 0.244725 0.115117
0 0.887410 0.776033 0.225670 0.086354