0 0.319260 0.556218 0.075779 0.229381
0 0.323625 0.814000 0.088797 0.236529
0 0.438356 0.807043 0.073353 0.221025
0 0.544821 0.811815 0.091072 0.227167
0 0.653164 0.815435 0.081055 0.223653
0 0.771676 0.816688 0.096851 0.226563
0 0.893132 0.819955 0.083904 0.234546
0 0.889034 0.551164 0.078528 0.224509
0 0.769063 0.555377 0.086250 0.222082
0 0.660061 0.555005 0.080229 0.225224
0 0.549095 0.552583 0.085223 0.230469
0 0.433659 0.552085 0.091445 0.228546
0 0.132611 0.170803 0.055594 0.223190
0 0.200663 0.197603 0.065470 0.210746
0 0.270020 0.202667 0.080169 0.224338
0 0.341877 0.190490 0.079897 0.219576
0 0.420606 0.188003 0.059198 0.216575
0 0.495691 0.186156 0.075528 0.235895