1 0.147797 0.489530 0.180137 0.213415
1 0.322649 0.492547 0.168856 0.223811
1 0.471437 0.490347 0.128172 0.196894
1 0.631747 0.509555 0.162907 0.220442
1 0.811024 0.515951 0.159466 0.226074
1 0.916553 0.571880 0.132895 0.166047
1 0.089247 0.144375 0.137940 0.200091
1 0.222043 0.148632 0.185352 0.202775
1 0.372288 0.195176 0.101113 0.085492
1 0.499863 0.198160 0.108882 0.074502
1 0.653155 0.070926 0.170987 0.141852
1 0.815089 0.078655 0.131481 0.157309
1 0.765798 0.217791 0.167793 0.109969
1 0.948226 0.182201 0.106130 0.189173
1 0.625674 0.201239 0.124858 0.107261
1 0.064831 0.316646 0.117478 0.122671
1 0.203977 0.325580 0.153878 0.123255
1 0.340274 0.314650 0.172165 0.138713
1 0.489552 0.316495 0.129909 0.131092
1 0.620773 0.337788 0.152979 0.120428
1 0.782003 0.341883 0.156343 0.11682