1 0.483144 0.186539 0.240430 0.255574
1 0.482884 0.444896 0.255063 0.256384
1 0.492388 0.706574 0.234980 0.257031
1 0.692865 0.212445 0.179652 0.222043
1 0.700727 0.455730 0.204025 0.251385
1 0.686136 0.687517 0.184786 0.210405
1 0.281218 0.211247 0.166376 0.215745
1 0.273882 0.449097 0.170557 0.292317
1 0.292642 0.690560 0.165820 0.200868
1 0.166344 0.253415 0.177529 0.187543
1 0.136886 0.459734 0.100483 0.225527
1 0.145213 0.675537 0.092787 0.196070
1 0.063228 0.609485 0.045694 0.150316
1 0.048165 0.460477 0.057057 0.181653
1 0.064819 0.278276 0.119090 0.170940
1 0.834250 0.241569 0.114790 0.192446
1 0.846491 0.453130 0.140333 0.217456
1 0.826077 0.634267 0.118253 0.168918
1 0.923339 0.272103 0.068460 0.163971
1 0.933082 0.440055 0.072728 0.175182
1 0.932005 0.599298 0.067598 0.16752