3 0.319260 0.556218 0.075779 0.229381
3 0.323625 0.814000 0.088797 0.236529
3 0.438356 0.807043 0.073353 0.221025
3 0.544821 0.811815 0.091072 0.227167
3 0.653164 0.815435 0.081055 0.223653
3 0.771676 0.816688 0.096851 0.226563
3 0.893132 0.819955 0.083904 0.234546
3 0.889034 0.551164 0.078528 0.224509
3 0.769063 0.555377 0.086250 0.222082
3 0.660061 0.555005 0.080229 0.225224
3 0.549095 0.552583 0.085223 0.230469
3 0.433659 0.552085 0.091445 0.228546
3 0.132611 0.170803 0.055594 0.223190
3 0.200663 0.197603 0.065470 0.210746
3 0.270020 0.202667 0.080169 0.224338
3 0.341877 0.190490 0.079897 0.219576
3 0.420606 0.188003 0.059198 0.216575
3 0.495691 0.186156 0.075528 0.23589