6 0.081469 0.388751 0.162617 0.178786
6 0.245431 0.382000 0.164869 0.185099
6 0.426059 0.384773 0.201884 0.200911
6 0.580335 0.385444 0.176413 0.196242
6 0.755562 0.378832 0.169542 0.172215
6 0.917116 0.370444 0.166854 0.205018
6 0.927183 0.622529 0.133389 0.172867
6 0.776590 0.619222 0.184043 0.178619
6 0.593051 0.634512 0.176698 0.178484
6 0.414198 0.618719 0.173445 0.170682
6 0.257168 0.609931 0.145966 0.162673
6 0.087409 0.631902 0.169860 0.188698
6 0.085045 0.871453 0.169214 0.203901
6 0.252521 0.878075 0.183247 0.173461
6 0.425099 0.881576 0.159463 0.174502
6 0.582959 0.869483 0.186755 0.174434
6 0.751442 0.871592 0.191676 0.205138
6 0.919571 0.869402 0.160397 0.17736